A = [1 2; 3 4; 5 6]B = [11 12; 13 14; 15 16]C = [1 1; 2 2]A*CA.*BA'